#
21, 10, 72, 73, 74, 54, 10, 74, 32, 57, 27, 57, 47, 17, 57, 47, 57, 58, 29, 59, 49, 92, 98, 94, 19, 79, 99, 45, 57, 55

#
150, 210, 309, 270, 180, 246, 285, 195, 210, 248, 199, 250, 290, 195, 301, 221, 210, 190, 210, 259

#
6, 7, 9, 10, 12, 14, 15, 15, 15, 16, 16, 17, 18, 18, 18, 18, 19, 19, 20, 20, 20, 20, 21, 21, 21, 22, 22, 23, 24, 25, 25, 26, 26, 28, 28, 30, 32, 32, 35, 39

#
18, 17, 19, 17, 18, 18, 20, 18, 18, 18, 19, 18, 21, 18, 20, 18, 20, 18, 18, 19, 18, 19, 19, 19, 18, 19, 19, 21, 19, 19, 19, 21, 17, 19, 19, 18, 19, 19, 18, 20, 20, 18, 20, 18, 20, 20, 19, 19, 21, 18

#
2.61, 2.64, 2.56, 2.61, 2.60, 2.58

#
1.90, 1.79, 1.88, 1.81, 1.88, 1.84

#
3, 4, 3.5, 5, 3.5, 4, 5, 5.5, 4, 5
